18778
18695
18693
18692
18691
18690
18688
18687
18683
18681
18680
18677
18675
18674
18672
18667
18666
18663
18662
18660
18655
18653
18651
18650
18648
18647
18643
18642
18637
18635
18515
18489
18335
18312
18306
18299
18138
18130
18123
18110
18051
17741
17738
17737
17736
17734
17727
17725
17724
17722
17721
17720
17719
17718
17717
17716
17715
17714
17713
17712
17711
17710
17709
17708
17707
17701
17699
17697
17695
17693
17669
17662
17661
17660
17659
17658
17657
17656
17654
17653
17652
17651
17631
17617
17607
17568
17520
17519
17516
17515
17512
17510
17507
17504
17500
17496
17494
17492
17491
17490
17489
17488
17485
17482
17481
17480
17479
17478
17477
17474
17473
17470
17469
17467
17464
17463
17458
17308
17263
17260
17234
17228
17214
17212
17197
17185
17180
17178
17159
17157
17154
17153
17149
17079
17078
17068
17021
17020
17019
17016
17013
17012
17011
17010
16957
16946
16943
16926
16921
16920
16906
16904
16903
16901
16765
16748
16739
16734
16725
16723
16719
16622
16621
16619
16618
16615
16605
16604
16600
16599
16590
16588
16587
16586
16581
16579
16578
16575
16571
16570
16562
16560
16553
16552
16497
16414
16413
16412
16411
16410
16409
16408
16407
16406
16405
16404
16403
16402
16401
16400
16399
16398
16397
16396
16395
16393
16380
16369
16356
16334
16253
16251
16246
16240
16237
16226
16192
16051
16038
16036
15883
15867
15858
15850
15729
15728
15727
15725
15724
15723
15721
15720
15719
15718
15717
15716
15714
15713
15712
15710
15709
15707
15704
15702
15701
15700
15698
15696
15694
15690
15689
15688
15686
15684
15683
15682
15677
15676
15673
15671
15669
15657
15652
15651
15645
15644
15643
15642
15641
15640
15432
15322
15311
15298
15295
15257
15255
15252
15165
15163
15140
15132
15117
15107
15087
15079
14976
14909
14899
14898
14875
14842
14841
14837
14835
14832
14829
14823
14822
14820
14819
14813
14811
14810
14808
14805
14803
14801
14798
14795
14794
14790
14788
14787
14786
14785
14658
14657
14656
14655
14593
14540
14530
14522
14507
14493
14484
14411
14388
14382
14380
14364
14348
14347
14346
14345
14344
14343
14342
14341
14340
14339
14338
14337
14336
14335
14334
14333
14332
14169
14120
14103
14100
14074
14073
14067
14064
14043
14042
14039
14038
14037
14036
14035
14020
13997
13958
13946
13943
13941
13924
13871
13865
13764
13740
13739
13737
13736
13734
13732
13731
13730
13729
13728
13727
13726
13725
13724
13723
13722
13721
13720
13718
13715
13713
13712
13711
13710
13709
13708
13707
13706
13705
13704
13703
13700
13699
13696
13694
13693
13691
13688
13687
13686
13685
13684
13682
13680
13679
13678
13677
13676
13675
13674
13673
13672
13671
13670
13669
13658
13657
13656
13655
13654
13650
13649
13645
13644
13643
13642
13641
13640
13639
13638
13637
13636
13635
13634
13633
13632
13631
13630
13629
13626
13625
13624
13623
13622
13621
13620
13619
13618
13617
13616
13613
13612
13611
13610
13597
13596
13594
13593
13592
13591
13590
13589
13588
13587
13586
13583
13582
13581
13579
13577
13571
13569
13568
13567
13566
13563
13562
13557
13556
13554
13553
13550
13548
13547
13546
13545
13544
13543
13542
13540
13539
13535
13534
13532
13531
13530
13529
13528
13527
13526
13525
13523
13522
13521
13518
13517
13516
13514
13513
13512
13511
13510
13507
13505
13502
13500
13499
13498
13497
13495
13494
13493
13489
13487
13486
13484
13483
13482
13475
13474
13473
13472
13471
13470
13469
13468
13466
13465
13464
13463
13462
13461
13459
13458
13457
13456
13455
13454
13453
13452
13451
13450
13449
13448
13447
13446
13443
13442
13439
13436
13435
13434
13433
13430
13429
13428
13427
13426
13425
13424
13423
13422
13421
13420
13419
13417
13416
13415
13414
13413
13411
13408
13405
13404
13400
13399
13398
13397
13395
13391
13390
13389
13388
13387
13386
13385
13382
13381
13380
13376
13369
13368
13367
13366
13365
13364
13363
13361
13360
13359
13357
13355
13354
13352
13350
13349
13348
13347
13143
13142
13141
13140
13139
13138
13137
13136
13135
13134
13133
13132
13131
13130
13129
13128
13127
13126
13125
13124
13123
13122
13121
13120
13119
13118
13117
13116
13115
13114
13113
13112
13111
13110
13109
13108
13107
13106
13105
13104
13103
13102
13101
13100
13099
13098
13097
13096
13095
13094
13093
13092
13091
13090
13089
13088
13087
13086
13085
13084
13083
13082
13081
13080
13079
13078
13077
13076
13075
13074
13073
13072
13071
13070
13069
13068
13067
13066
13065
13064
13063
13062
13061
13060
13059
13058
13057
13056
13055
13054
13053
13052
13051
13050
13049
13048
13047
13046
13045
13044
13043
13042
13041
13040
13039
13038
13037
13036
13035
13034
13033
13032
13031
13030
13029
13028
13027
13026
13025
13024
13023
13022
13021
13020
13019
13018
13017
13016
13015
13014
13013
13012
13011
13010
13009
13008
13007
13006
13005
13004
13003
13002
13001
13000
12999
12998
12997
12996
12995
12994
12993
12992
12991
12990
12989
12988
12987
12986
12985
12984
12983
12982
12981
12980
12979
12978
12977
12976
12975
12974
12973
12972
12971
12970
12969
12968
12967
12966
12965
12964
12963
12962
12961
12960
12959
12958
12957
12956
12955
12954
12953
12952
12951
12950
12949
12948
12947
12946
12945
12944
12943
12942
12941
12940
12939
12938
12937
12936
12935
12934
12933
12932
12931
12930
12929
12928
12927
12926
12925
12924
12923
12922
12921
12920
12919
12918
12917
12916
12915
12914
12913
12912
12911
12910
12909
12908
12907
12906
12905
12904
12903
12902
12901
12900
12899
12898
12897
12896
12864
12861
12860
12859
12858
12857
12856
12854
12853
12851
12850
12848
12847
12846
12844
12843
12841
12840
12839
12838
12837
12836
12835
12832
12829
12827
12826
12825
12824
12823
12822
12821
12820
12819
12818
12817
12816
12815
12654
12646
12637
12635
12629
12626
12624
12623
12621
12608
12607
12601
12592
12590
12503
12502
12496
12495
12493
12491
12490
12489
12488
12484
12483
12479
12478
12477
12476
12361
12360
12359
12357
12354
12351
12350
12243
12241
12207
12170
12163
12112
12087
12071
12043
12042
12041
11994
11989
11985
11979
11975
11961
11899
11898
11896
11890
11887
11886
11884
11877
11875
11869
11863
11859
11857
11856
11855
11854
11853
11846
11842
11836
11762
11761
11760
11759
11758
11757
11756
11754
11752
11749
11748
11746
11740
11739
11737
11736
11735
11734
11733
11732
11731
11729
11727
11726
11724
11722
11721
11720
11718
11717
11602
11601
11600
11599
11598
11597
11596
11595
11594
11593
11581
11579
11575
11573
11570
11569
11565
11562
11560
11558
11554
11553
11550
11481
11480
10033
10032
10031
10005
10004
10003
10002
10001
10000
9999
9998
9996
9995
9994
9993
9991
9990
9988
9987
9984
9983
9982
9981
9980
9978
9976
9975
9974
9972
9971
9969
9965
9964
9963
9962
9961
9960
9959
9957
9956
9955
9939
9788
9767
9750
9712
9709
9705
9704
9703
9699
9697
9693
9689
9681
9675
9674
9673
9672
9671
9669
9668
9667
9666
9665
9664
9663
9662
9660
9659
9657
9656
9655
9653
9650
9649
9648
9647
9646
9645
9643
9642
9639
9638
9637
9636
9635
9634
9633
9632
9630
9629
9628
9626
9625
9541
9477
9473
9434
9433
9415
9414
9412
9411
9408
9406
9284
9283
9248
9247
9246
9245
9244
9243
9242
9241
9240
9239
9238
9237
9236
9235
9234
9233
9232
9231
9230
9228
9227
9226
9225
9224
9223
9222
9221
9126
9125
9106
9093
9092
9091
9090
9023
9022
9021
9016
9013
9012
9011
9010
9009
9006
9005
9003
9002
9001
9000
8999
8997
8995
8994
8911
8807
8788
8758
8757
8756
8701
8667
8664
8663
8662
8660
8658
8656
8655
8654
8653
8433
8422
8395
8356
8285
8271
8265
8240
8239
8213
8170
8067
8066
8061
8060
8059
8058
8057
8056
8055
8054
8053
8052
8051
8050
8049
8048
8047
8046
8045
8044
8043
8042
8041
8040
8039
8038
8037
8036
8006
7944
7943
7941
7940
7924
7893
7892
7891
7890
7888
7887
7886
7885
7884
7883
7882
7881
7880
7879
7878
7876
7875
7846
7829
7823
7794
7789
7786
7784
7781
7779
7778
7674
7673
7672
7670
7669
7668
7667
7666
7515
7512
7511
7510
7508
7507
7506
7505
7501
7500
7499
7498
7496
7495
7494
7492
7491
7490
7489
7482
7418
7414
7413
7412
7411
7409
7408
7366
7365
7364
7363
7362
7361
7353
7352
7351
7350
7349
7347
7346
7345
7344
7343
7341
7340
7339
7338
7335
7299
7290
7216
7213
7206
7204
7203
7199
7194
7193
7192
7191
7188
7186
7185
7124
7123
7122
6922
6921
6920
6919
6878
6877
6873
6814
6813
6812
6811
6810
6809
6796
6794
6793
6792
6791
6755
6754
6698
6644
6638
6635
6632
6628
6627
6621
6618
6616
6615
6614
6606
6605
6603
6601
6591
6590
6589
6587
6535
6532
6531
6530
6529
6528
6527
6514
6513
6510
6509
6508
6502
6434
6377
6330
6302
6301
6289
6287
6285
6283
6282
6281
6280
6278
6277
6276
6273
6267
6265
6263
6262
6261
6259
6258
6257
6256
6255
6252
6251
6250
6246
6244
6243
6241
6240
6239
6238
6236
6235
6233
6232
6231
6230
6229
6228
6227
6226
6225
6224
6223
6222
6221
6219
6218
6190
6188
6187
6184
6181
6176
6175
6174
6173
6172
6122
6084
6083
6082
6081
6080
6079
6078
6077
6074
6073
6071
6067
6066
6065
6064
6061
6058
6056
6055
6052
6051
6050
6047
6044
6041
6040
6039
6038
6015
6012
5997
5989
5987
5978
5969
5967
5934
5926
5908
5907
5906
5862
5861
5856
5855
5848
5836
5835
5834
5833
5832
5831
5830
5828
5826
5824
5823
5818
5817
5816
5815
5814
5808
5807
5806
5805
5804
5803
5802
5801
5800
5799
5798
5797
5796
5795
5794
5793
5792
5791
5790
5789
5788
5787
5786
5785
5784
5778
5777
5776
5775
5774
5731
5730
5729
5728
5727
5726
5724
5723
5722
5721
5720
5719
5717
5716
5715
5714
5713
5712
5710
5709
5708
5707
5706
5705
5703
5702
5701
5700
5699
5698
5689
5688
5687
5686
5685
5684
5682
5681
5680
5679
5678
5677
5676
5675
5674
5673
5672
5671
5670
5669
5668
5667
5666
5665
5664
5663
5662
5661
5660
5659
5658
5657
5656
5655
5654
5653
5652
5651
5650
5649
5648
5647
5646
5645
5644
5643
5642
5641
5640
5639
5638
5637
5636
5634
5633
5631
5630
5629
5628
5627
5626
5625
5624
5623
5622
5621
5620
5619
5618
5617
5616
5615
5614
5613
5612
5611
5610
5609
5608
5607
5606
5605
5604
5603
5602
5601
5600
5599
5598
5597
5596
5595
5594
5593
5592
5591
5590
5589
5588
5587
5586
5585
5584
5583
5582
5581
5580
5579
5578
5577
5576
5575
5574
5573
5572
5571
5570
5569
5568
5567
5566
5565
5564
5563
5562
5561
5560
5558
5557
5556
5553
5552
5551
5550
5549
5548
5547
5546
5545
5544
5543
5542
5541
5540
5539
5538
5537
5536
5535
5534
5533
5532
5531
5530
5529
5528
5527
5526
5525
5524
5523
5522
5521
5520
5519
5518
5517
5516
5515
5514
5513
5512
5511
5510
5509
5508
5507
5506
5505
5504
5503
5502
5501
5500
5499
5498
5497
5496
5495
5494
5493
5492
5491
5490
5489
5488
5487
5486
5485
5484
5483
5482
5481
5480
5479
5478
5477
5476
5475
5474
5473
5472
5471
5470
5469
5468
5467
5466
5463
5462
5454
5453
5451
5450
5449
5448
5439
5438
5431
5430
5428
5417
5416
5414
5413
5412
5411
5410
5409
5408
5407
5406
5405
5404
5403
5402
5401
5400
5399
5364
5363
5358
5348
5346
5345
5344
5343
5342
5341
5340
5339
5337
5336
5331
5329
5325
5324
5319
5315
5310
5296
5277
5271
5269
5268
5266
5251
5243
5241
5238
5237
5235
5234
5233
5208
5186
5179
5121
5120
5108
5106
5099
5094
5093
5060
5055
4981
4980
4978
4976
4975
4974
4973
4972
4971
4970
4969
4967
4966
4965
4964
4963
4961
4960
4959
4958
4957
4956
4955
4953
4952
4951
4950
4949
4948
4947
4946
4945
4944
4943
4942
4941
4853
4851
4849
4847
4845
4844
4843
4840
4838
4837
4836
4835
4834
4833
4832
4830
4829
4828
4827
4825
4823
4820
4819
4799
4791
4790
4786
4784
4781
4778
4768
4766
4761
4760
4699
4695
4693
4690
4687
4686
4683
4682
4679
4677
4675
4673
4672
4669
4668
4667
4664
4663
4662
4659
4658
4656
4654
4653
4651
4648
4647
4646
4645
4618
4616
4615
4613
4612
4610
4609
4608
4607
4606
4605
4603
4602
4601
4600
4596
4595
4594
4593
4591
4589
4587
4586
4581
4580
4578
4577
4576
4571
4570
4569
4454
4452
4451
4450
4449
4448
4447
4446
4444
4443
4442
4441
4439
4438
4437
4436
4434
4432
4431
4430
4429
4214
4213
4212
4192
4191
4189
4188
4185
4184
4183
4182
4179
4148
4146
4143
4142
4141
4138
4137
4127
4034
4033
4031
4030
4029
4027
4026
4025
4024
4023
4021
4019
4018
4017
4015
4013
4012
4010
3939
3930
3928
3926
3907
3905
3904
3903
3899
3898
3897
3896
3895
3894
3892
3891
3890
3889
3885
3884
3726
3725
3701
3673
3672
3671
3670
3669
3662
3657
3653
3652
3651
3646
3645
3644
3643
3642
3631
3562
3560
3559
3555
3554
3553
3281
3254
3214
3198
3197
3196
3178
3177
3176
3169
3168
3108
2960
2959
2958
2957
2956
2955
2953
2952
2951
2950
2945
2944
2943
2940
2939
2938
2937
2935
2648
2647
2646
2585
2584
2507
2506
2505
2504
2503
2502
2499
2498
2497
2496
2360
2328
1873
1634
1617
1616
1615
1614
1613
1612
1611
1610
1609
1559
1558
1555
1554
1553
1552
1550
1549
1546
1545
1544
1543
1541
1540
1539
1538
1537
1536
1535
1534
1533
1531
1530
1529
1528
1527
1526
1525
1524
1523
1522
1521
1520
1519
1518
1517
1516
1515
1514
1513
1512
1511
1510
1509
1508
1507
1506
1505
1504
1503
1502
1501
1500
1499
1498
1497
1496
1495
1494
1493
1492
1491
1490
1489
1488
1487
1374
1373
1372
1371
1370
1369
1368
1367
1366
1365
1364
1363
1362
1361
1360
1359
1358
1357
1343
1342
1316
1277
1276
1275
1274
1273
925
915
914
913
912
911
910
909
891
890
889
888
887
886
885
884
883
881
880
879
878
877
876
875
874
857
856
853
852
851
850
849
848
847
846
845
844
843
842
841
840
839
838
837
836
835
834
833
832
831
830
829
828
827
826
825
824
823
822
821
820
819
818
817
816
815
814
813
812
811
810
809
808
807
806
757
756
755
754
753
752
751
750
749
748
747
746
745
744
743
742
741
740
739
738
737
736
735
734
725
724
723
722
721
720
719
718
717
716
715
714
713
712
711
710
709
708
707
706
705
704
703
702
687
685
610
604
603
473
472
471
470
469
468
467
466
465
464
457
456
444
442
441
440
439
438
437
435
434
433
432
431
430
428
427
426
425
424
350
346
345
344
343
301
300
278
265
264
262
261
260
258
257
256
252
250
248
247
220
218
217
216
215
184
183
182
173
172
171
170
169
168
167
166
165
159
158
156
153
152
150
149
140
139
138
137
134
133
132
129
128
127
126
125
124
123
121
120
119
118
116
115
79
78
77
76
75
70
69
63
62
56
55
48
46
45
43
42
41
40
39
38
34
30
29
24
23
22
21
20
18
10
6
5