18683
18667
18643
18635
18596
18595
18594
18592
18591
18589
18586
18584
18582
18071
18067
18065
18064
18063
18058
18054
18053
17863
17862
17861
17860
17859
17858
17857
17856
17855
17854
17853
17852
17851
17850
17849
17848
17847
17743
17742
17740
17731
17729
17722
17721
17720
17719
17718
17717
17716
17715
17714
17713
17712
17711
17710
17709
17708
17707
17520
17519
17516
17515
17510
17507
17504
17496
17492
17490
17489
17488
17482
17480
17479
17477
17474
17470
17467
17464
17463
17458
17021
17020
17019
17016
17013
17012
17011
17010
16958
16956
16955
16954
16952
16950
16948
16947
16942
16938
16935
16934
16933
16925
16924
16922
16919
16918
16917
16916
16915
16914
16905
16880
16879
16878
16877
16875
16775
16774
16773
16772
16768
16760
16759
16756
16752
16751
16747
16740
16737
16736
16730
16727
16724
16721
16720
16714
16712
16711
16709
16705
16701
16698
16686
16622
16621
16619
16605
16604
16590
16588
16587
16586
16581
16579
16575
16571
16570
16561
16407
16403
16402
16401
16400
16399
16285
16284
16280
16279
16167
16166
16165
16164
16163
16162
16161
16160
16159
16158
16157
16156
16137
16135
16134
16133
16132
16131
16129
16128
16127
16126
16125
16124
16123
16122
16057
16054
16053
16052
16050
16048
16045
16039
16037
16035
16034
16033
16032
16031
16030
16029
16024
16023
16021
16020
16019
16018
16015
16014
16013
16011
16010
16009
16008
16004
15896
15892
15891
15890
15888
15885
15881
15878
15877
15874
15873
15872
15871
15868
15866
15864
15863
15861
15855
15852
15851
15849
15847
15842
15840
15839
15729
15728
15727
15725
15724
15723
15721
15720
15719
15718
15717
15714
15712
15710
15709
15704
15702
15701
15700
15696
15694
15689
15688
15684
15683
15682
15677
15669
15591
15589
15587
15586
15584
15579
15578
15576
15575
15574
15569
15563
15287
15282
15281
15279
15273
15265
15264
15166
15164
15162
15152
15151
15149
15144
15143
15142
15139
15134
15125
15122
15114
15112
15111
15108
15102
15082
15081
15075
15074
14960
14959
14958
14956
14954
14951
14950
14949
14948
14945
14944
14943
14941
14939
14938
14937
14936
14933
14928
14926
14924
14923
14919
14918
14916
14915
14914
14912
14898
14875
14842
14841
14837
14835
14832
14829
14823
14820
14819
14813
14811
14810
14808
14805
14803
14801
14798
14795
14790
14788
14787
14785
14728
14727
14726
14725
14724
14723
14722
14721
14720
14719
14718
14717
14716
14715
14714
14713
14653
14652
14651
14650
14649
14648
14647
14646
14645
14644
14643
14642
14641
14640
14639
14638
14569
14568
14567
14566
14565
14564
14563
14562
14561
14560
14347
14346
14344
14343
14332
14255
14254
14253
14252
14251
14250
14249
14248
14247
14246
14245
14244
14243
14242
14241
14240
14239
14238
14237
14236
14235
14234
14233
14232
14231
14230
14229
14228
14227
14226
14225
14224
14223
14222
14221
14220
14219
14218
14217
14216
14215
14214
14213
14212
14211
14210
14209
14208
14207
14201
14200
14199
14198
14197
14196
14195
14194
14193
14192
14191
14190
14189
14188
14187
14186
14151
14150
14149
14148
14147
14146
14145
14144
14143
14142
14141
14140
14139
14138
14137
14136
14135
14134
14133
14132
14131
14130
14129
14128
14127
14126
14125
14124
14123
14122
14121
14120
14119
14118
14117
14116
14115
14114
14113
14112
14111
14110
14109
14108
14107
14106
14104
14103
14102
14101
14100
14099
14098
14097
14096
14095
14094
14093
14092
14091
14090
14089
14088
14087
14085
14084
14083
14082
14081
14080
14079
14078
14077
14076
14075
14074
14073
14072
14071
14070
14069
14068
14067
14066
14065
14064
14063
14062
14061
14060
14059
14058
14057
14056
14055
14054
14053
14052
14051
14050
14049
14048
14047
14046
14045
14044
14043
14042
14041
14040
14039
14038
14037
14036
14035
14033
14032
14031
14030
14029
14028
14027
14026
14025
14024
14023
14022
14021
14020
14019
14018
14017
14016
14015
14014
14013
14012
14011
14010
14009
14008
14007
14005
14004
14003
14002
14001
14000
13999
13998
13997
13996
13995
13994
13993
13992
13991
13990
13989
13988
13987
13986
13985
13984
13983
13982
13981
13980
13979
13978
13977
13976
13975
13974
13973
13972
13971
13970
13969
13968
13967
13966
13965
13964
13963
13962
13961
13960
13959
13958
13957
13956
13953
13952
13951
13950
13949
13948
13947
13946
13945
13944
13943
13942
13941
13940
13939
13938
13937
13936
13935
13934
13933
13932
13931
13930
13929
13928
13927
13926
13925
13924
13922
13921
13920
13919
13918
13917
13916
13915
13914
13913
13912
13911
13910
13909
13908
13907
13906
13905
13904
13903
13902
13901
13900
13899
13898
13897
13896
13895
13894
13893
13892
13891
13890
13889
13888
13887
13886
13885
13884
13883
13882
13881
13880
13879
13878
13877
13876
13875
13874
13873
13872
13871
13870
13869
13868
13867
13866
13865
13863
13862
13861
13860
13859
13858
13857
13856
13854
13853
13852
13851
13850
13849
13848
13847
13846
13845
13844
13843
13842
13841
13840
13839
13838
13837
13836
13835
13834
13833
13832
13813
13812
13804
13802
13801
13800
13799
13798
13797
13796
13795
13794
13792
13791
13790
13789
13788
13787
13786
13785
13784
13782
13781
13780
13779
13778
13777
13774
13773
13772
13770
13768
13767
13764
13740
13739
13737
13736
13735
13734
13732
13731
13730
13729
13728
13727
13726
13725
13724
13723
13722
13721
13720
13718
13717
13715
13713
13712
13711
13710
13709
13708
13707
13706
13705
13704
13703
13700
13699
13696
13694
13693
13692
13691
13690
13689
13688
13687
13686
13685
13684
13683
13682
13680
13679
13678
13677
13676
13675
13674
13673
13672
13671
13670
13669
13668
13667
13658
13657
13656
13655
13654
13653
13652
13651
13650
13649
13648
13647
13646
13645
13644
13643
13642
13641
13640
13639
13638
13637
13636
13635
13634
13633
13632
13631
13630
13629
13628
13627
13626
13625
13624
13623
13622
13621
13620
13619
13618
13617
13616
13615
13614
13613
13612
13611
13610
13609
13608
13597
13596
13594
13593
13592
13591
13590
13589
13588
13587
13586
13583
13582
13581
13579
13577
13569
13568
13567
13566
13565
13564
13563
13562
13559
13557
13556
13554
13553
13551
13550
13549
13548
13547
13546
13545
13544
13543
13542
13540
13539
13537
13536
13535
13532
13531
13530
13529
13528
13526
13525
13523
13522
13521
13518
13517
13516
13515
13514
13513
13512
13511
13510
13509
13508
13507
13505
13503
13502
13501
13500
13499
13498
13497
13494
13493
13492
13491
13490
13489
13487
13486
13484
13483
13482
13475
13472
13464
13463
13459
13457
13455
13434
13433
13425
13424
13414
13405
13400
13397
13391
13390
13385
13368
13367
13365
13363
13360
13359
13357
13355
13354
13350
13349
13325
13312
13306
13303
13302
13300
13298
13297
13296
13295
13292
13289
13288
13280
13268
13264
13263
13262
13260
13257
13253
13243
13242
13241
13240
13239
13238
13237
13236
13235
13234
13233
13232
13231
13143
13142
13141
13140
13139
13138
13137
13136
13135
13134
13133
13132
13131
13129
13128
13127
13126
13125
13123
13122
13121
13120
13119
13118
13117
13116
13115
13114
13113
13112
13111
13110
13109
13108
13107
13106
13105
13104
13103
13102
13101
13100
13099
13098
13097
13096
13095
13094
13093
13092
13091
13090
13088
13087
13086
13085
13084
13083
13082
13081
13080
13079
13078
13077
13076
13075
13074
13073
13072
13071
13070
13069
13068
13067
13066
13065
13064
13063
13062
13061
13060
13059
13058
13057
13056
13055
13054
13053
13052
13051
13050
13049
13047
13046
13045
13044
13043
13042
13041
13040
13039
13038
13037
13036
13035
13034
13033
13032
13031
13030
13029
13028
13027
13026
13025
13024
13023
13022
13021
13020
13019
13018
13017
13016
13015
13014
13013
13012
13011
13010
13009
13008
13007
13006
13005
13004
13003
13002
13001
13000
12999
12998
12997
12996
12995
12994
12993
12992
12991
12990
12989
12988
12987
12986
12985
12984
12983
12982
12981
12980
12979
12978
12977
12976
12975
12974
12973
12972
12971
12970
12969
12968
12967
12966
12965
12964
12963
12962
12961
12960
12959
12958
12957
12956
12955
12954
12953
12952
12951
12950
12949
12948
12947
12946
12945
12944
12943
12942
12941
12940
12939
12938
12937
12936
12935
12934
12933
12932
12931
12930
12929
12928
12927
12926
12925
12924
12923
12922
12921
12920
12919
12918
12917
12916
12915
12914
12913
12912
12911
12910
12909
12908
12907
12906
12905
12904
12903
12902
12901
12900
12899
12898
12897
12896
12503
12502
12496
12495
12491
12490
12489
12488
12484
12483
12479
12478
12477
12476
12251
12250
12247
12246
12243
12241
12238
12236
12235
12224
12222
12207
12203
12202
12188
12186
12185
12184
12182
12181
12180
12173
12170
12168
12167
12165
12164
12163
12099
12095
12091
12088
12086
12085
12082
12075
12074
12072
12069
12068
11997
11986
11984
11983
11981
11977
11976
11970
11969
11966
11964
11963
11960
11955
11914
11893
11892
11889
11888
11885
11883
11882
11881
11880
11879
11878
11876
11874
11865
11862
11861
11858
11852
11851
11850
11847
11844
11840
11839
11835
11762
11760
11759
11757
11756
11754
11749
11740
11735
11734
11732
11731
11729
11727
11726
11724
11722
11718
11717
11592
11583
11582
11571
11566
11561
11551
11549
11548
11479
11473
11472
11471
11468
11466
11464
11462
11461
11459
11458
11457
11456
11454
11453
11452
11451
11450
11449
11448
11447
11446
11445
11444
11440
11439
11438
11437
11436
11435
11433
11431
11430
11429
11426
11425
11424
11423
11420
11412
11411
11410
11409
11408
11407
11406
11405
11404
11403
11402
11401
11400
11399
11398
11397
11396
11395
11394
11393
11392
11391
11390
11389
11388
11387
11386
11385
11384
11383
11382
11381
11380
11379
11378
11377
11376
11375
11374
11373
11372
11371
11370
11369
11368
11367
11366
11365
11364
11363
11362
11361
11360
11359
11358
11357
11356
11355
11354
11353
11352
11351
11350
11349
11348
11347
11346
11345
11344
11343
11342
11341
11340
11339
11338
11337
11336
11335
11334
11333
11332
11331
11330
11329
11328
11327
11326
11325
11324
11323
11322
11321
11320
11319
11318
11317
11316
11315
11314
11313
11312
11311
11310
11309
11308
11307
11306
11305
11304
11303
11302
11301
11300
11299
11298
11297
11296
11295
11294
11293
11292
11291
11290
11289
11288
11287
11286
11285
11284
11283
11282
11281
11280
11279
11278
11277
11276
11275
11274
11273
11272
11271
11270
11269
11268
11267
11266
11265
11264
11263
11262
11261
11260
11259
11258
11257
11256
11255
11254
11253
11252
11251
11250
11249
11248
11247
11246
11245
11244
11243
11242
11241
11240
11239
11238
11237
11236
11235
11234
11233
11232
11231
11230
11229
11228
11227
11226
11225
11224
11223
11222
11221
11220
11219
11218
11217
11216
11215
11214
11213
11212
11211
11210
11209
11208
11207
11206
11205
11204
11203
11202
11201
11200
11199
11198
11197
11196
11195
11194
11193
11192
11191
11190
11189
11188
11187
11186
11185
11184
11183
11182
11181
11180
11179
11178
11177
11176
11175
11174
11173
11172
11171
11170
11169
11168
11167
11166
11165
11164
11163
11162
11161
11160
11159
11158
11157
11156
11155
11154
11153
11152
11151
11150
11149
11148
11147
11146
11145
11144
11143
11142
11141
11140
11139
11138
11137
11136
11135
11134
11133
11132
11131
11130
11129
11128
11127
11126
11125
11124
11123
11122
11121
11120
11119
11118
11117
11116
11115
11114
11113
11112
11111
11110
11109
11108
11107
11106
11105
11104
11103
11102
11101
11100
11099
11098
11097
11096
11095
11094
11093
11092
11091
11090
11089
11088
11087
11086
11085
11084
11083
11082
11081
11080
11079
11078
11077
11076
11075
11074
11073
11072
11071
11070
11069
11068
11067
11066
11065
11064
11063
11062
11061
11060
11059
11058
11057
11056
11055
11054
11053
11052
11051
11050
11049
11048
11047
11046
11045
11044
11043
11042
11041
11040
11039
11038
11037
11036
11035
11033
11032
11031
11030
11029
11028
11027
11026
11025
11024
11023
11022
11021
11020
11019
11018
11017
11016
11015
11014
11013
11012
11011
11010
11009
11008
11007
11006
11005
11004
11003
11002
11001
11000
10999
10998
10997
10996
10995
10994
10993
10992
10991
10990
10989
10988
10987
10986
10985
10984
10983
10982
10981
10980
10979
10978
10977
10976
10975
10974
10973
10972
10971
10970
10969
10968
10967
10966
10965
10964
10963
10962
10961
10960
10959
10958
10957
10956
10955
10954
10953
10952
10951
10950
10949
10948
10947
10946
10945
10944
10943
10942
10941
10940
10939
10938
10937
10936
10935
10934
10933
10932
10931
10930
10929
10928
10927
10926
10925
10924
10923
10922
10921
10920
10919
10918
10917
10916
10915
10914
10913
10912
10911
10910
10909
10908
10907
10906
10905
10904
10903
10902
10901
10900
10899
10898
10897
10896
10895
10894
10893
10892
10891
10890
10889
10888
10887
10886
10885
10884
10883
10882
10881
10880
10879
10878
10877
10876
10875
10874
10873
10872
10871
10870
10869
10868
10867
10866
10865
10864
10863
10862
10861
10860
10859
10858
10857
10856
10855
10854
10853
10852
10851
10850
10849
10848
10847
10846
10845
10844
10843
10842
10841
10840
10839
10838
10837
10836
10835
10834
10833
10832
10831
10830
10829
10828
10827
10826
10825
10824
10823
10822
10821
10820
10819
10818
10817
10816
10815
10814
10813
10812
10811
10810
10809
10808
10807
10806
10805
10804
10803
10802
10801
10800
10799
10798
10797
10796
10795
10794
10793
10792
10791
10790
10789
10788
10787
10786
10785
10784
10783
10782
10781
10780
10779
10778
10777
10776
10775
10774
10773
10772
10771
10770
10769
10768
10767
10766
10765
10764
10763
10762
10761
10760
10759
10758
10757
10756
10755
10754
10753
10752
10751
10750
10749
10748
10747
10746
10745
10744
10743
10742
10741
10740
10739
10738
10737
10736
10735
10734
10733
10732
10731
10730
10729
10728
10727
10726
10725
10724
10723
10722
10721
10720
10719
10718
10717
10716
10715
10714
10713
10712
10711
10710
10709
10708
10707
10706
10705
10704
10703
10702
10701
10700
10699
10698
10697
10696
10695
10694
10693
10692
10691
10690
10689
10688
10687
10686
10685
10684
10683
10682
10681
10680
10679
10678
10677
10676
10675
10674
10673
10672
10671
10670
10669
10668
10667
10666
10665
10664
10663
10662
10661
10660
10659
10658
10657
10656
10655
10654
10653
10652
10651
10650
10649
10648
10647
10646
10645
10644
10643
10642
10641
10640
10639
10638
10637
10636
10635
10634
10633
10632
10631
10630
10629
10628
10627
10626
10625
10624
10623
10622
10621
10620
10619
10618
10617
10616
10615
10614
10613
10612
10611
10610
10609
10608
10607
10606
10605
10604
10603
10602
10601
10600
10599
10598
10597
10596
10595
10594
10593
10592
10591
10590
10589
10588
10587
10586
10585
10584
10583
10582
10581
10580
10579
10578
10577
10576
10575
10574
10573
10572
10571
10570
10569
10568
10567
10566
10565
10564
10563
10562
10561
10560
10559
10558
10557
10556
10555
10554
10553
10552
10551
10550
10549
10548
10547
10546
10545
10544
10543
10542
10541
10540
10539
10538
10537
10536
10535
10534
10533
10532
10531
10530
10529
10528
10527
10526
10525
10524
10523
10522
10521
10520
10519
10518
10517
10516
10515
10514
10513
10512
10511
10510
10509
10508
10507
10506
10505
10504
10503
10502
10501
10500
10499
10498
10497
10496
10495
10494
10493
10492
10491
10490
10489
10488
10487
10486
10485
10484
10483
10482
10481
10480
10479
10478
10477
10476
10475
10474
10473
10472
10471
10470
10469
10468
10467
10466
10465
10464
10463
10462
10461
10460
10459
10458
10457
10456
10455
10454
10453
10452
10451
10450
10449
10448
10447
10446
10445
10444
10443
10442
10441
10440
10439
10438
10437
10436
10435
10434
10433
10432
10431
10430
10429
10428
10427
10426
10425
10424
10423
10422
10421
10420
10419
10418
10417
10416
10415
10414
10413
10412
10411
10410
10409
10408
10407
10406
10405
10404
10403
10402
10401
10400
10399
10398
10397
10396
10395
10394
10393
10392
10391
10390
10389
10388
10387
10386
10385
10384
10383
10382
10381
10380
10379
10378
10377
10376
10375
10374
10373
10372
10371
10370
10369
10368
10367
10366
10365
10364
10363
10362
10361
10360
10359
10358
10357
10356
10355
10354
10353
10352
10351
10350
10349
10348
10347
10346
10345
10344
10343
10342
10341
10340
10339
10338
10337
10336
10335
10334
10333
10332
10331
10330
10329
10328
10327
10326
10325
10324
10323
10322
10321
10320
10319
10318
10317
10316
10315
10314
10313
10312
10311
10310
10309
10308
10307
10306
10305
10304
10303
10302
10301
10300
10299
10298
10297
10296
10295
10294
10293
10292
10291
10290
10289
10288
10287
10286
10285
10284
10283
10282
10281
10280
10279
10278
10277
10276
10275
10274
10273
10272
10271
10270
10269
10268
10267
10266
10265
10264
10263
10262
10261
10260
10259
10258
10257
10256
10255
10254
10253
10252
10251
10250
10249
10248
10247
10246
10245
10244
10243
10242
10241
10240
10239
10238
10237
10236
10235
10234
10233
10232
10231
10230
10229
10228
10227
10226
10225
10224
10223
10222
10221
10220
10219
10218
10217
10216
10215
10214
10213
10212
10211
10210
10209
10208
10207
10206
10205
10204
10203
10202
10201
10200
10199
10198
10197
10196
10195
10194
10193
10192
10191
10190
10189
10188
10187
10186
10185
10184
10183
10182
10181
10180
10179
10178
10177
10176
10175
10174
10173
10172
10171
10170
10169
10168
10167
10166
10165
10164
10163
10162
10161
10160
10159
10158
10157
10156
10155
10154
10153
10152
10151
10150
10149
10148
10147
10146
10145
10144
10143
10142
10141
10140
10139
10138
10137
10136
10135
10134
10133
10132
10131
10130
10129
10128
10127
10126
10125
10124
10123
10122
10121
10120
10119
10118
10117
10116
10115
10114
10113
10112
10111
10110
10109
10108
10107
10106
10105
10104
10103
10102
10101
10100
10099
10098
10097
10096
10095
10094
10093
10092
10091
10090
10089
10088
10087
10086
10085
10084
10083
10082
10081
10080
10079
10078
10077
10076
10075
10074
10073
10072
10071
10070
10069
10068
10067
10066
10065
10064
10063
10062
10061
10060
10059
10058
10057
10056
10055
10054
10053
10052
10051
10050
10049
10048
10047
10046
10045
10044
10043
10042
10041
9875
9874
9873
9871
9869
9868
9712
9711
9710
9709
9708
9705
9704
9703
9702
9701
9700
9699
9698
9697
9696
9693
9690
9689
9687
9685
9683
9681
9679
9678
9677
9675
9674
9673
9672
9671
9669
9668
9667
9666
9665
9664
9663
9662
9660
9659
9657
9656
9655
9653
9650
9649
9648
9647
9646
9645
9643
9642
9639
9638
9637
9636
9635
9634
9633
9632
9630
9629
9628
9626
9625
9588
9586
9585
9584
9583
9582
9581
9580
9575
9573
9572
9571
9570
9568
9564
9560
9559
9557
9556
9553
9550
9549
9547
9546
9545
9543
9542
9540
9538
9514
9508
9507
9506
9504
9502
9500
9499
9498
9495
9494
9493
9492
9484
9478
9475
9472
9471
9467
9466
9464
9463
9434
9415
9408
9349
9348
9346
9345
9344
9343
9342
9341
9340
9339
9338
9337
9336
9334
9330
9328
9327
9325
9324
9323
9322
9320
9318
9317
9316
9315
9314
9312
9311
9310
9309
9308
9307
9306
9305
9303
9302
9301
9284
9283
9248
9247
9245
9244
9243
9242
9241
9240
9239
9238
9237
9236
9235
9233
9232
9230
9228
9227
9226
9225
9224
9223
9222
9221
9209
9208
9207
9206
9205
9204
9203
9202
9201
9200
9199
9198
9197
9196
9195
9194
9193
9192
9191
9190
9189
9188
9187
9186
9185
9184
9183
9182
9181
9180
9179
9178
9177
9176
9175
9174
9173
9172
9171
9170
9169
9168
9167
9166
9165
9164
9163
9162
9161
9160
9148
9147
9146
9057
9056
9055
9054
9023
9022
9021
9016
9013
9012
9011
9010
9009
9006
9005
9003
9002
9001
9000
8999
8997
8995
8994
8956
8955
8954
8953
8952
8951
8950
8949
8948
8947
8946
8945
8944
8943
8942
8941
8940
8939
8938
8937
8936
8935
8934
8933
8932
8931
8930
8929
8928
8927
8926
8925
8924
8923
8922
8921
8920
8919
8918
8917
8916
8915
8910
8909
8908
8907
8906
8905
8904
8903
8902
8901
8900
8899
8898
8897
8896
8895
8894
8893
8892
8891
8890
8889
8888
8887
8886
8885
8884
8883
8882
8881
8880
8879
8878
8877
8876
8875
8874
8873
8872
8871
8870
8869
8868
8867
8866
8865
8864
8863
8862
8861
8860
8859
8858
8857
8856
8855
8854
8853
8852
8851
8850
8849
8848
8847
8846
8845
8844
8843
8842
8841
8840
8839
8838
8837
8836
8835
8834
8833
8832
8831
8830
8829
8828
8827
8826
8825
8824
8823
8822
8821
8820
8819
8818
8817
8816
8815
8814
8813
8812
8730
8729
8728
8727
8726
8725
8724
8723
8722
8721
8720
8719
8718
8717
8716
8715
8714
8713
8712
8711
8710
8709
8708
8707
8706
8705
8704
8703
8701
8697
8542
8541
8540
8539
8538
8537
8536
8535
8534
8533
8530
8528
8526
8395
8357
8356
8355
8352
8351
8350
8349
8348
8347
8344
8343
8342
8341
8340
8300
8299
8297
8296
8295
8294
8290
8289
8287
8286
8281
8280
8277
8274
8272
8270
8269
8268
8264
8262
8258
8219
8213
8212
8211
8210
8209
8208
8204
8202
8199
8198
8197
8196
8194
8192
8191
8190
8189
8188
8187
8186
8185
8182
8181
8179
8178
8177
8176
8174
8173
8170
8166
8165
8164
8162
8161
8160
8157
8105
8104
8101
8100
8097
8096
8095
8094
8093
8091
8090
8087
8086
8085
8083
8082
8066
7924
7893
7892
7891
7890
7888
7887
7886
7885
7884
7882
7881
7880
7879
7845
7844
7841
7839
7838
7836
7835
7834
7832
7831
7830
7828
7827
7826
7825
7674
7673
7672
7670
7669
7668
7667
7666
7515
7512
7511
7510
7508
7507
7506
7505
7501
7500
7499
7498
7496
7495
7494
7492
7491
7490
7489
7482
7429
7427
7426
7424
7423
7366
7365
7364
7363
7362
7361
7353
7352
7351
7350
7349
7347
7346
7345
7344
7343
7341
7340
7339
7338
7324
7323
7322
7321
7319
7318
7316
7315
7313
7312
7311
7310
7309
7307
7306
7305
7304
7302
7300
7205
7197
7196
7189
7121
7115
7114
7113
7104
7103
7101
7099
7087
7086
7084
7083
7082
7070
7069
7068
7067
6818
6817
6813
6812
6811
6810
6809
6796
6794
6793
6792
6671
6662
6661
6660
6595
6535
6532
6531
6530
6529
6528
6527
6514
6513
6509
6508
6502
6431
6430
6429
6428
6427
6426
6425
6424
6423
6422
6421
6419
6418
6417
6416
6415
6413
6411
6301
6157
6156
6155
6154
6153
6151
6149
6147
6145
6144
6143
6141
6139
6135
6134
6133
6132
6131
6129
6118
6116
6112
6109
6108
6107
6103
6102
6101
6100
6098
6095
6091
6084
6083
6082
6081
6080
6079
6078
6077
6074
6073
6071
6067
6066
6065
6064
6061
6058
6056
6055
6052
6051
6050
6047
6044
6041
6040
6039
6038
6016
6015
6014
6013
6012
6011
6010
6005
6003
6001
6000
5999
5997
5969
5967
5963
5962
5961
5960
5959
5958
5957
5954
5953
5952
5949
5947
5946
5945
5944
5943
5942
5941
5940
5938
5937
5936
5924
5923
5921
5917
5916
5913
5911
5909
5873
5872
5868
5867
5866
5864
5836
5835
5834
5833
5831
5830
5828
5826
5824
5823
5818
5817
5816
5815
5814
5808
5807
5806
5805
5804
5803
5802
5801
5800
5799
5798
5797
5796
5795
5794
5793
5792
5791
5790
5789
5788
5787
5786
5785
5784
5778
5777
5776
5775
5774
5463
5462
5454
5453
5451
5450
5449
5448
5431
5384
5368
5367
5366
5365
5364
5363
5362
5361
5359
5358
5357
5348
5346
5345
5344
5343
5342
5341
5340
5339
5337
5336
5329
5325
5324
5319
5315
5297
5295
5294
5293
5292
5291
5290
5289
5288
5287
5286
5278
5276
5275
5274
5273
5272
5262
5261
5259
5217
5216
5215
5214
5196
5195
5194
5193
5192
5191
5188
5187
5186
5184
5180
5108
5106
5060
5055
5008
5007
5006
5005
4976
4974
4971
4967
4966
4965
4964
4955
4950
4945
4944
4942
4853
4851
4849
4847
4845
4844
4843
4840
4838
4837
4836
4835
4834
4833
4832
4830
4829
4828
4827
4825
4823
4820
4819
4797
4781
4775
4774
4773
4765
4699
4695
4693
4692
4690
4687
4686
4683
4682
4679
4677
4676
4675
4673
4672
4669
4668
4667
4664
4663
4662
4659
4658
4656
4655
4654
4653
4651
4647
4646
4645
4618
4616
4615
4613
4612
4610
4609
4608
4607
4606
4605
4603
4602
4601
4600
4596
4595
4594
4593
4591
4589
4587
4586
4581
4580
4578
4577
4576
4575
4574
4572
4571
4570
4569
4509
4504
4502
4494
4493
4492
4490
4487
4486
4477
4474
4468
4467
4466
4454
4452
4451
4450
4449
4447
4446
4444
4443
4442
4441
4439
4438
4437
4436
4434
4432
4431
4430
4429
4332
4313
4312
4311
4310
4306
4302
4301
4299
4267
4262
4259
4185
4166
4147
4127
4034
4033
4031
4030
4029
4027
4026
4025
4024
4023
4021
4019
4018
4017
4015
4013
4012
4010
3945
3943
3942
3940
3939
3937
3935
3932
3931
3930
3907
3905
3904
3903
3899
3898
3897
3896
3895
3894
3892
3891
3890
3889
3885
3884
3883
3882
3881
3880
3879
3878
3870
3869
3868
3852
3808
3805
3800
3799
3796
3795
3794
3792
3791
3789
3788
3787
3784
3740
3735
3730
3728
3727
3726
3724
3722
3721
3718
3716
3712
3711
3710
3701
3673
3672
3671
3670
3669
3662
3657
3653
3652
3651
3646
3645
3643
3642
3631
3625
3624
3568
3562
3561
3560
3559
3555
3554
3553
3550
3533
3528
3525
3521
3515
3477
3475
3474
3473
3471
3469
3468
3464
3461
3460
3459
3456
3455
3454
3452
3447
3432
3431
3425
3404
3403
3402
3399
3398
3397
3384
3383
3375
3365
3364
3363
3356
3298
3283
3282
3274
3268
3267
3254
3249
3245
3238
3237
3233
3232
3227
3214
3198
3197
3196
3178
3177
3176
3169
3168
2960
2959
2958
2957
2956
2953
2952
2951
2950
2945
2944
2943
2940
2939
2938
2937
2935
2895
2890
2838
2836
2656
2649
2645
2644
2642
2585
2584
2582
2581
2580
2579
2578
2577
2575
2574
2573
2572
2571
2570
2569
2568
2566
2565
2560
2555
2554
2553
2552
2551
2550
2548
2547
2542
2537
2536
2535
2534
2533
2532
2530
2529
2528
2527
2526
2525
2524
2523
2521
2520
2507
2506
2505
2504
2503
2502
2499
2498
2497
2496
2474
2473
2472
2471
2470
2469
2467
2466
2465
2464
2463
2462
2461
2460
2458
2457
2450
2415
2414
2386
2385
2383
2382
2381
2380
2379
2377
2356
2321
2320
2319
2318
2317
2314
2313
2312
2310
2309
2308
2307
2306
2305
2302
2301
2300
2299
2298
2297
2277
2276
2205
2020
2019
2018
2017
2016
2015
2014
1951
1949
1948
1947
1946
1639
1638
1617
1616
1615
1614
1613
1612
1611
1610
1609
1600
1599
1598
1560
1559
1558
1555
1554
1553
1552
1550
1549
1546
1545
1544
1543
1541
1540
1539
1538
1537
1536
1535
1534
1533
1532
1531
1530
1529
1528
1527
1526
1525
1524
1523
1522
1521
1520
1519
1518
1517
1516
1515
1514
1513
1512
1511
1510
1509
1508
1507
1506
1505
1504
1503
1502
1501
1500
1499
1498
1497
1496
1495
1494
1493
1492
1491
1490
1489
1488
1487
1440
1438
1434
1433
1432
1431
1430
1429
1422
1421
1374
1373
1372
1371
1370
1369
1368
1367
1366
1365
1364
1363
1362
1361
1360
1359
1358
1357
1353
1352
1351
1350
1349
1348
1347
1343
1342
1336
1335
1334
1333
1332
1331
1330
1329
1328
1327
1310
1309
1307
1306
1304
1303
1301
1300
1298
1297
1295
1294
1283
1282
1281
974
973
972
971
970
969
968
967
958
957
956
955
954
953
952
951
950
949
946
942
935
934
933
932
931
930
929
928
925
915
914
913
912
911
910
909
891
890
889
888
887
886
885
884
883
881
880
879
878
877
876
875
874
857
856
853
852
851
850
849
848
847
846
845
844
843
842
841
840
839
838
837
836
835
834
833
832
831
830
829
828
827
826
825
824
823
822
821
820
819
818
817
816
815
814
813
812
811
810
809
808
807
806
805
804
803
802
801
800
799
798
797
796
795
794
793
792
791
790
789
788
787
786
785
784
783
782
781
780
779
778
777
776
775
774
773
772
771
770
769
768
767
766
765
764
763
762
761
760
759
758
757
756
755
754
753
752
751
750
749
748
747
746
745
744
743
742
741
740
739
738
737
736
735
734
725
724
723
722
721
720
719
718
717
716
715
714
713
712
711
710
709
708
707
706
705
704
703
702
701
699
697
696
694
693
690
689
688
686
685
684
650
649
648
647
646
645
644
642
641
610
604
603
421
359
358
350
346
345
344
343
301
300
294
278
265
264
262
261
260
258
257
256
252
250
248
247
223
222
221
220
218
217
216
215
184
183
173
172
171
170
169
168
167
166
165
157
156
153
152
150
149
137
134
133
132
129
128
127
126
125
124
123
121
120
119
118
116
115
79
78
77
76
75
70
69
63
62
56
55
48
46
45
43
42
41
40
39
38
34
33
32
31
30
29
25
24
23
22
21
20
18
17
11
10
7
6
5